15705
28154
5639
25860
26332
26615
11872
17581
10067
708
13906
9784
20043
5816
14249
265
3950
2613
22433
18350
14819
30109
11482
29779
16841
28359
29283
11403
21797
10226
20180
4735
5613
25819
30595
31945
19667
9699
16758
29734
10407
30664
6750
30450
3712
20999
30716
7662
23612
20381
26012
5664
17722
4726
2675
1796
317
31958
13199
22115
9417
611
26850
15030
26430
24677
14207
13329
1608
30965
10295
12015
28861
17045
9697
32573
5277
7645
7468
28889
28026
712
1785
12981
5439
4460
14777
5756
3651
27976
27871
13068
28587
21953
28098
22249
13862
9537
2811
15470
7734
13106
27485
3827
30152
4415
3632
2661
12060
11100
31550
7319
11813
568
20300
17252
5028
2309
23008
8679
30285
18112
21747
26104
7297
17077
15585
21160
26614
18396
3862
1580
31503
31348
5407
28887
2995
9040
31548
15055
20140
30330
22374
31953
30898
9906
16437
3159
12215
6678
11838
9732
24790
818
3068
32087
17895
18654
20479
11742
4282
24342
13322
3017
22922
18730
31904
25917
27770
30684
8204
15142
28247
30579
14328
26377
7717
30765
29536
19933
4675
8607
29665
29465
9425
32734
28785
27320
18620
16496
6294
22902
8070
19617
25920
30992
5579
25056
24141
581
22973
32346
15723
18452
30157
30051
12061
5106
28049
8830
25039
32724
17437
21937
29422
26862
21903
25439
21414
7755
9167
27709
30657
17238
14558
23809
15462
20137
16098
6836
20718
6303
6414
3673
24755
3803
957
4048
8909
29006
12878
1181
28962
30315
23118
25616
24409
12253
18287
13056
20008
27455
7997
17897
11925
22555
8939
27387
9924
25037
1455
30642
31340
7869
1547
23327
11672
2504
27375
20582
31510
7486
21763
27705
5033
12113
20553
29443
24366
6073
9731
11606
760
17728
29503
12685
7515
5674
7304
17439
30711
8760
15313
29283
16629
16860
19842
28302
19365
14450
16116
18107
21936
5111
13044
26969
17224
830
23644
8822
6903
607
20428
7663
18335
17163
20348
25850
22838
27652
10521
20781
3644
25834
17297
20274
9927
4371
15808
29292
18821
31924
14631
7989
4267
27676
2191
21491
28506
25835
30313
2641
26443
17973
10304
12010
2368
30652
5093
25206
25536
15614
13220
29181
8681
30517
16687
18608
2120
32495
15132
20942
31651
29763
28931
3150
24671
31122
24641
20409
24190
22186
23050
17865
7391
586
29875
9759
31238
2200
2198
24007
17815
15418
20420
26496
13167
4339
12336
15287
4066
27468
3461
2949
24463
32393
6099
16367
30747
30740
4008
22169
20158
27059
7266
27549
27645
4374
4540
26116
6574
6738
17355
24389
22156
5007
18117
2555
9346
30453
17843
13412
25153
21304
16361
16849
20929
22460
448
18909
20432
4456
8310
7822
31515
15577
2603
26393
19951
7143
19741
26525
13882
4328
18147
3270
9335
3496
5826
18681
1182
23669
32093
26335
12205
15686
10416
367
5378
10864
19276
25810
15321
27586
864
14068
10395
3467
7693
30346
10610
27434
24104
24492
31762
9483
27763
8329
12979
821
27010
14161
24490
26335
7729
3927
9253
18145
4294
14631
29010
23570
7673
11563
18389
8537
25631
28784
12004
557
26363
22615
27991
17699
14339
26986
27182
9334
2547
7393
10155
29558
21555
1877
23125
29284
5805
32379
14661
10099
14242
10903
902
21916
22466
19291
30453
15330
15307
9690
15887
8902
32305
11110
26601
13876
5328
21015
23211
7876
28409
598
4666
17196
2476
27791
13712
8281
27402
28373
18380
8877
6509
19282
30793
28975
5805
28478
11537
21113
5400
27424
30015
4937
5767
23849
18814
11095
12096
9257
18971
7737
9855
23637
24933
12331
18661
5877
20612
13295
1483
6225
22172
7992
25507
20197
4199
31313
15908
15737
19658
21308
10393
16905
26246
16160
7986
12292
27256
20083
21549
13459
27820
31404
4329
19986
10968
22990
25863
31580
3517
27346
5037
25690
2570
30545
13119
6770
29090
29027
22507
15980
17568
132
117
11046
16293
8104
23338
10781
28187
12119
24240
23239
10755
28569
10457
21723
18791
3553
20536
22309
30899
25573
15231
702
23350
28350
7472
19672
24610
29979
2884
9410
30111
3002
20456
13636
11106
11026
24417
6525
23145
15890
29764
1132
11691
7454
22856
30483
11007
10624
20024
9138
3429
2487
9840
26780
30837
17312
13684
22679
14523
16569
32089
11867
19571
19777
25503
30677
30803
17153
4434
21180
275
1430
22313
11966
8884
12401
9681
19891
23025
29705
29030
26454
32192
6102
20466
30262
23415
1383
20173
5170
17952
19495
17037
4755
6504
9773
2664
4540
26926
7098
25720
27201
8528
15265
6399
17413
27666
16081
4536
17923
13018
798
11610
12443
6901
32076
9937
30316
691
30110
2718
18643
16837
19756
23398
23342
29529
26062
27882
23687
392
20834
18120
8921
3332
24519
26334
30998
7832
30870
16154
20851
31669
27764
526
5802
27072
10463
3350
27764
7805
6068
13639
24643
25824
4270
15217
22585
30332
10331
13504
30725
31165
31624
6878
1729
23376
444
32728
31208
31314
16114
19291
30215
11110
19817
3249
5414
30280
6599
410
5318
12668
14050
29961
5724
18320
12410
28310
15884
22741
9046
13841
21138
7903
20719
22868
31279
21163
22828
29719
19710
6174
16243
17157
17284
3292
20407
22698
805
27006
23109
6123
6906
4391
3316
12631
22711
15726
8173
5827
5699
17219
19669
26837
25122
7620
16937
23633
28784
6997
20585
15726
13171
4060
115
30455
7352
20522
20386
8157
14761
10727
14280
21667
15118
17596
1530
5061
554
9703
10888
6253
26923
30557
323
19277
5410
17260
10143
1426
24258
30728
17152
4661
2020
17267
2349
9372
5022
22735
17530
19783
694
31810
8682
15812
16639
10213
20873
17193
19916
31761
23447
14071
29551
23770
581
2193
8262
10724
3619
32520
8684
20771
4414
10704
5270
6763
20076
10292
29498
4838
30075
30192
3881
5990
13236
20520
16203
1341
4945
3351
334
28392
17423
29885
19394
18004
32078
27657
28728
2929
27409
4644
23700
31823
15348
28971
5818
2656
6495
2548
7495
3803
32740
11376
9793
13208
