    0   92    5
   32    0   76
   59   38    0

Best City Tour:
[City 0]->[City 2]->[City 1]->[City 0]
tour cost = 75
3  0
    0   92    5   32
   76    0   59   38
   25   74    0   80
   56   63   94    0

Best City Tour:
[City 0]->[City 2]->[City 1]->[City 3]->[City 0]
tour cost = 173
4  1e-06
    0   92    5   32   76
   59    0   38   25   74
   80   56    0   63   94
   72   67   56    0   89
   19   39   38   36    0

Best City Tour:
[City 0]->[City 2]->[City 1]->[City 3]->[City 4]->[City 0]
tour cost = 194
5  6e-06
    0   92    5   32   76   59
   38    0   25   74   80   56
   63   94    0   72   67   56
   89   19   39    0   38   36
   80    7   10   43    0   73
   49   11   29   24   23    0

Best City Tour:
[City 0]->[City 2]->[City 5]->[City 3]->[City 4]->[City 1]->[City 0]
tour cost = 168
6  2.8e-05
    0   92    5   32   76   59   38
   25    0   74   80   56   63   94
   72   67    0   56   89   19   39
   38   36   80    0    7   10   43
   73   49   11   29    0   24   23
   35   22   61   59   80    0   85
   67   94   20   11   11   12    0

Best City Tour:
[City 0]->[City 6]->[City 3]->[City 4]->[City 2]->[City 5]->[City 1]->[City 0]
tour cost = 133
7  0.000186
    0   92    5   32   76   59   38   25
   74    0   80   56   63   94   72   67
   56   89    0   19   39   38   36   80
    7   10   43    0   73   49   11   29
   24   23   35   22    0   61   59   80
   85   67   94   20   11    0   11   12
   61   54   44   29   93   26    0   89
    9    6   68   18   24   95    3    0

Best City Tour:
[City 0]->[City 2]->[City 3]->[City 1]->[City 7]->[City 6]->[City 5]->[City 4]->[City 0]
tour cost = 165
8  0.001519
    0   92    5   32   76   59   38   25   74
   80    0   56   63   94   72   67   56   89
   19   39    0   38   36   80    7   10   43
   73   49   11    0   29   24   23   35   22
   61   59   80   85    0   67   94   20   11
   11   12   61   54   44    0   29   93   26
   89    9    6   68   18   24    0   95    3
   31   77   43   71   36   55   95    0   27
   72   87   85   97   43   96   63   15    0

Best City Tour:
[City 0]->[City 2]->[City 6]->[City 5]->[City 1]->[City 3]->[City 4]->[City 8]->[City 7]->[City 0]
tour cost = 197
9  0.010518
    0   92    5   32   76   59   38   25   74   80
   56    0   63   94   72   67   56   89   19   39
   38   36    0   80    7   10   43   73   49   11
   29   24   23    0   35   22   61   59   80   85
   67   94   20   11    0   11   12   61   54   44
   29   93   26   89    9    0    6   68   18   24
   95    3   31   77   43   71    0   36   55   95
   27   72   87   85   97   43   96    0   63   15
   44   98   79   98   69   61   49   14    0   51
   28   72   76   31   62   97   90   18   11    0

Best City Tour:
[City 0]->[City 2]->[City 4]->[City 3]->[City 5]->[City 6]->[City 1]->[City 8]->[City 7]->[City 9]->[City 0]
tour cost = 130
10  0.095712
    0   92    5   32   76   59   38   25   74   80   56
   63    0   94   72   67   56   89   19   39   38   36
   80    7    0   10   43   73   49   11   29   24   23
   35   22   61    0   59   80   85   67   94   20   11
   11   12   61   54    0   44   29   93   26   89    9
    6   68   18   24   95    0    3   31   77   43   71
   36   55   95   27   72   87    0   85   97   43   96
   63   15   44   98   79   98   69    0   61   49   14
   51   28   72   76   31   62   97   90    0   18   11
   12   18   37   21    1   77    3   80   71    0   29
   86   14   14   38   32   49    9   65    5   50    0

Best City Tour:
[City 0]->[City 2]->[City 7]->[City 1]->[City 5]->[City 6]->[City 3]->[City 10]->[City 8]->[City 9]->[City 4]->[City 0]
tour cost = 163
11  1.13227
    0   92    5   32   76   59   38   25   74   80   56   63
   94    0   72   67   56   89   19   39   38   36   80    7
   10   43    0   73   49   11   29   24   23   35   22   61
   59   80   85    0   67   94   20   11   11   12   61   54
   44   29   93   26    0   89    9    6   68   18   24   95
    3   31   77   43   71    0   36   55   95   27   72   87
   85   97   43   96   63   15    0   44   98   79   98   69
   61   49   14   51   28   72   76    0   31   62   97   90
   18   11   12   18   37   21    1   77    0    3   80   71
   29   86   14   14   38   32   49    9   65    0    5   50
   15    8   17   80   31   84   10   65    2   85    0   14
   21   42   65   31    8   86   45   35   79   47   40    0

Best City Tour:
[City 0]->[City 3]->[City 9]->[City 10]->[City 1]->[City 11]->[City 4]->[City 7]->[City 2]->[City 8]->[City 6]->[City 5]->[City 0]
tour cost = 134
12  15.1781
    0   92    5   32   76   59   38   25   74   80   56   63   94
   72    0   67   56   89   19   39   38   36   80    7   10   43
   73   49    0   11   29   24   23   35   22   61   59   80   85
   67   94   20    0   11   11   12   61   54   44   29   93   26
   89    9    6   68    0   18   24   95    3   31   77   43   71
   36   55   95   27   72    0   87   85   97   43   96   63   15
   44   98   79   98   69   61    0   49   14   51   28   72   76
   31   62   97   90   18   11   12    0   18   37   21    1   77
    3   80   71   29   86   14   14   38    0   32   49    9   65
    5   50   15    8   17   80   31   84   10    0   65    2   85
   14   21   42   65   31    8   86   45   35   79    0   47   40
   91   10   61   55   41   23   80   38   15    1   55    0    1
    5   82   58   43    8   99    9   28   48   52   58   11    0

Best City Tour:
[City 0]->[City 2]->[City 7]->[City 11]->[City 9]->[City 3]->[City 4]->[City 1]->[City 10]->[City 5]->[City 12]->[City 6]->[City 8]->[City 0]
tour cost = 126
13  206.954
    0   92    5   32   76   59   38   25   74   80   56   63   94   72
   67    0   56   89   19   39   38   36   80    7   10   43   73   49
   11   29    0   24   23   35   22   61   59   80   85   67   94   20
   11   11   12    0   61   54   44   29   93   26   89    9    6   68
   18   24   95    3    0   31   77   43   71   36   55   95   27   72
   87   85   97   43   96    0   63   15   44   98   79   98   69   61
   49   14   51   28   72   76    0   31   62   97   90   18   11   12
   18   37   21    1   77    3   80    0   71   29   86   14   14   38
   32   49    9   65    5   50   15    8    0   17   80   31   84   10
   65    2   85   14   21   42   65   31    8    0   86   45   35   79
   47   40   91   10   61   55   41   23   80   38    0   15    1   55
    1    5   82   58   43    8   99    9   28   48   52    0   58   11
   12   14    2   27   54   86   73   25   58   64   75   44    0   98
   25   90    2   41   23   49   67   96   43   63   91   80   72    0

Best City Tour:
[City 0]->[City 2]->[City 13]->[City 4]->[City 3]->[City 11]->[City 5]->[City 7]->[City 9]->[City 8]->[City 6]->[City 1]->[City 10]->[City 12]->[City 0]
tour cost = 172
14  3003.18
