8245
19630
6816
5235
10682
12363
11290
534
10947
15659
29222
9020
17124
20058
29628
31506
28955
23244
3903
20384
10835
109
5982
19458
22914
19675
3975
17985
18069
28636
31419
26315
15498
5467
31550
26180
17831
10073
26714
28778
25732
23169
5031
10088
10459
1891
8826
6646
25135
12729
27030
3202
12838
244
22661
2984
19919
26636
20970
5221
22504
19621
31536
5234
25088
30318
31414
10151
7623
25361
6162
587
15762
11193
10675
26221
13084
19501
100
5452
32231
27130
8654
12301
27375
31315
15286
14526
25184
3488
19747
14920
23109
18515
20155
15429
16066
18801
25581
23689
11394
31743
24277
27156
10168
2184
20610
23252
21686
20710
28704
21149
15072
4591
682
9679
3138
15968
24206
28322
19456
11185
10475
9797
29701
30630
25227
12999
16663
18040
3920
28058
17015
28197
22446
27183
30382
10288
17667
19300
30998
13604
7681
13303
18195
8363
22982
21333
24332
14420
16888
11020
25606
27363
20818
22539
25225
13277
2770
9120
31317
6690
4410
15564
2120
26857
9979
32502
4377
27646
19034
2608
8482
26715
15911
26677
2310
6125
15243
26642
20546
32131
4895
13384
26726
25713
3155
19183
6222
5925
28303
4771
12615
32714
20335
14735
26803
30314
14469
31180
25192
735
1020
907
27450
16931
27584
29761
23057
10059
23635
10835
9422
28530
24219
3380
21475
27374
22563
27697
531
18099
32468
13146
18045
20035
27882
12080
17581
9583
10492
10006
10319
11513
10913
5001
28444
5729
1994
18733
15789
25630
29568
25211
21392
21019
28592
10100
15625
18387
5029
16156
3718
4730
29303
21763
24765
24417
1075
9579
1232
11568
19585
11551
23081
30498
16553
18757
3459
18547
4723
19248
11409
1523
11692
34
22543
7516
10134
5400
25903
15163
21557
29622
19893
18092
18617
11891
9741
19693
21470
10973
31261
8287
22525
21574
6017
6310
7563
9476
24857
12286
28725
3499
13810
7649
3533
3585
15165
13667
8985
8300
28830
30542
5154
15956
15866
23772
27847
25607
10697
16549
3813
9190
24836
26338
30764
30853
32648
5559
7561
24737
17846
3518
28236
31656
11167
31769
2473
26332
12668
11458
1865
8731
9233
7019
24687
25099
30791
19766
17939
8720
3547
21752
17910
28383
15322
15906
26468
15202
21466
1261
7171
6544
4780
2640
5432
15947
1641
7905
9512
14310
19363
11377
23041
28596
18396
14960
20928
16420
1958
6099
25140
5505
27851
10283
1120
10405
26189
27588
25607
14887
28849
10
21431
861
2650
26863
16809
4292
2000
26321
18602
21364
4930
8875
17192
23326
23835
5352
6978
25793
11451
32119
31298
6534
9634
32418
16939
3055
27238
9778
17943
23319
9789
6606
24181
12439
702
8222
16731
2702
1775
2565
24066
6705
11440
8491
30031
2507
13843
4242
28300
25295
3593
26830
31829
13227
26480
16001
16282
20950
25779
1457
11502
2800
8064
2915
15240
8766
11137
31971
11468
12912
1769
2767
19617
13209
11258
16880
15717
25101
21122
11249
17628
24715
5312
16690
5174
31792
32691
21457
19975
25702
22914
31477
28503
30978
1624
10975
6976
12761
10178
18445
25673
11947
21212
12522
25157
32470
29402
8106
24803
17757
19355
9664
9704
24667
26354
14879
23692
26277
3568
10899
19211
26482
9608
14946
24693
11232
25921
31669
23993
3332
17346
16898
15279
5790
29420
7668
5492
26054
15774
30296
11043
2362
7192
20748
27029
778
2859
17953
27055
6427
28852
13498
141
5692
28445
24834
16924
21598
23736
8149
24930
8314
25047
7442
14105
21699
15110
19597
14986
30885
17125
26029
479
24317
14009
27508
25095
16868
12694
19382
23295
8778
113
23437
14471
28558
15503
31395
17388
6471
6777
9551
14786
31824
16993
28891
20756
32103
15720
2974
30220
78
29003
30699
24395
10245
25440
16723
27113
5366
3337
17641
14144
3450
8310
28615
32008
23813
27243
16629
30285
1252
26180
12303
308
10405
8426
21064
9740
24146
24038
7193
24224
20274
5124
15852
30519
30564
32575
24864
3162
3144
9737
17307
6595
18047
13154
5835
9093
7629
22464
6610
8881
15876
18913
9190
26281
27339
30254
3254
18717
21525
10447
10174
9031
15571
26026
6782
13368
25833
31646
16530
28977
8616
1069
2804
26663
14224
8640
2988
21853
31104
9598
30735
14213
28511
7157
7726
23082
4643
10980
9032
26168
21427
19206
2431
4231
12464
9213
17599
5529
8092
1361
1738
16708
2431
4543
10603
16655
13183
13592
5740
11519
23190
3707
25732
18934
10864
691
9248
15508
11671
18280
8908
331
4718
11340
4562
17182
20553
22161
22711
28645
23522
24450
12585
25953
28993
23189
9840
9408
4013
15581
20927
27203
19288
13892
13369
30153
14583
22618
12893
26254
8130
21801
26585
12849
373
31147
30031
20927
20540
19975
16804
11295
11657
29390
4480
7882
19811
14321
17290
23824
29902
5449
18259
16422
19341
31629
13807
1156
21479
26700
27411
29609
15734
21228
9690
16107
19608
6954
4266
7380
26929
21071
18675
5818
17693
23156
13700
4736
4709
30990
28560
1843
3671
14051
18265
23013
12912
32073
24169
1623
26005
18812
31233
8971
7273
8155
25079
26881
15109
29345
1493
9270
17648
20169
15088
2573
10557
28788
7309
15266
27010
3101
17109
30682
17153
2606
20927
30065
1911
12328
31689
27917
31141
30154
4120
5646
5541
29199
32527
20651
25777
1252
29921
10657
21421
12242
13231
31978
8262
20540
14476
2505
23642
31585
419
8027
1424
21346
5324
3335
906
4245
31252
32047
1631
2605
4925
7173
31804
4684
27824
24813
5937
24977
2703
27358
4451
15934
26569
12714
3706
8277
15219
27348
7095
15638
2607
8519
4216
7932
11854
5122
12177
10339
4402
13809
12944
9327
20982
11980
14012
16038
4026
19949
8247
6729
14539
12699
22663
8340
25413
26369
16618
7864
20950
23713
23502
23557
32232
27718
31489
11318
72
10899
21657
4474
24708
1833
13802
12922
13814
27814
28960
17840
14995
4439
24569
29534
17138
14464
5107
9783
8065
21725
17647
29015
12670
8381
19805
12134
3331
18526
23452
3404
29425
12342
7878
21365
14175
21680
1519
27989
16726
30479
13061
31721
2151
4862
28488
19289
19326
827
29073
27392
22552
13952
23639
2454
22334
10676
14588
25665
29203
5272
29069
25860
17614
4180
14458
31790
25860
15977
27011
9819
13689
7305
8772
15840
12167
4492
2361
31494
5319
31434
26118
27871
12619
16989
30325
2185
27666
12145
27850
24101
17418
24152
17193
2264
28332
31651
1286
21424
14861
28298
31243
28550
2835
7248
11622
15002
11740
13983
13728
17060
12650
7078
12163
25269
24068
9721
27454
18966
21866
22536
10299
6516
13920
27492
8781
9484
26376
10067
30909
8469
5597
29384
4251
8432
3864
15873
23435
15605
29856
4395
32665
9738
11474
12060
2239
2774
21781
29693
21740
10880
19462
32039
17396
614
26763
26177
10099
20371
3477
8240
28840
9074
4856
323
17507
8721
16196
8174
24326
13285
12569
24223
23023
24043
3515
25263
26817
25297
22188
15789
3409
8882
15060
20805
9497
9056
14215
19596
29427
17692
27836
25500
26766
32692
25823
11505
8645
9252
19679
203
22537
32249
24426
12792
23524
27942
5287
17574
20471
27476
595
23880
3590
15656
11917
13087
24712
26132
32683
21371
11056
27751
14103
5055
27676
7159
16560
3553
16411
3472
3757
6180
2953
28183
18972
26477
23357
24260
11283
11060
18968
11879
2172
22558
27535
14090
2878
19479
7454
2793
8082
18511
30545
22186
23566
25453
29345
7358
29006
12988
10830
32763
19168
13783
28179
5372
7493
18768
29632
18776
29829
15832
30655
32001
5623
25422
13323
8501
12133
20778
11294
20216
6521
9071
9634
30087
1756
6211
4677
30763
19199
15508
30758
5599
29291
26169
10971
4016
12170
7836
22793
9231
23668
20680
8464
29291
13335
21788
5024
25468
9798
16319
12916
16319
25390
22550
13638
27147
28761
18315
25142
15192
1055
23132
20791
30347
16534
31763
1595
28704
6831
24388
5167
30499
12301
13631
27023
25636
2651
32047
18336
12449
15598
31253
28768
8221
21035
9638
2600
17029
27954
27742
32221
29009
18106
20245
26588
1872
19240
28184
30576
26071
19804
2975
23802
32105
16607
18057
24973
19258
17337
10542
31708
167
9027
27708
8388
30062
4579
10988
14323
32533
5962
13777
28774
24069
1254
22595
25941
20494
18011
23750
13797
5047
26725
4831
4385
10564
22889
29358
29823
7458
7132
28763
7625
16159
23703
16014
13454
28282
27002
27777
28047
197
8786
24054
24266
10040
13881
17439
30534
31892
8421
11563
4171
2379
16395
8556
12943
6516
5147
9998
13974
12279
5993
21599
28439
29697
4845
9125
25211
31848
4134
20491
32045
12921
11777
23543
22961
25658
8214
20728
24782
16636
32291
28953
19015
15918
4742
31958
22434
9889
9189
3640
22168
15182
25240
17839
12111
30085
26964
4555
29165
31099
25046
28442
11252
4055
19217
1445
29713
27432
22173
21727
11300
21697
17912
30315
4847
22654
29505
27282
32543
5926
30922
21944
21109
23394
7015
452
20712
1212
5007
17109
32311
30053
12784
10795
1340
32001
12240
31053
26665
1646
20012
5197
23343
5157
2744
28190
27811
32250
22704
27587
5408
20859
16763
26517
11485
23778
26970
32197
24990
31977
16539
24533
29263
29323
2560
30603
28556
14801
28889
22454
16447
16133
27651
7022
21290
30396
2444
16334
29878
25149
11153
2518
13240
27916
29036
24725
18926
23238
24155
11149
22447
7926
2914
18942
4481
5475
16778
269
20276
12899
22723
3955
29032
17607
10977
17555
15235
13421
1121
12345
5802
12274
14863
19042
7422
11131
11000
26348
1601
2387
4729
24049
10313
7644
10223
14794
13119
27001
15063
627
7132
5019
4582
3397
22626
15559
20952
5093
28980
22073
17438
2015
1579
32301
21057
9001
10665
32057
2581
12266
1676
7311
3547
11989
14955
13771
26783
28074
8004
9079
28701
15137
14098
515
18534
3956
16074
6718
9049
12286
28791
26487
14301
30370
26020
2591
6603
3917
1880
9184
16184
3557
16495
19731
15546
31450
734
9562
26756
8739
18641
22689
23876
32739
23204
9642
3927
6510
16360
12976
18797
12383
6695
330
9985
32715
2921
16588
3865
4802
25772
20049
8359
9500
7012
23905
8182
7747
699
2171
16486
19340
24860
7594
19311
15297
17236
23238
21807
828
3446
7836
13211
10141
8167
23196
10089
11088
7016
13954
15890
20
1235
24249
9520
8247
15387
17703
15994
16086
19874
32480
2659
11966
7306
21970
27263
24542
12441
16303
25370
15887
24139
5813
26029
32306
29009
3350
10627
3257
17304
26517
3278
18539
17999
12798
26786
618
30501
10013
16704
17607
9725
19363
29574
17032
8566
24069
8806
21007
7604
1409
4126
31744
7222
30155
31282
3464
737
9141
6721
18041
2891
9999
3812
20890
22798
30599
21508
20531
7844
5444
5371
17569
24808
2177
1833
606
26246
10640
21613
1083
12049
25739
59
19271
23127
31341
22735
23864
7715
29457
9138
10606
6688
12950
31496
29486
10781
20236
17250
18625
25680
22621
3427
17720
24798
5260
18326
18276
15900
7171
19359
27949
143
19418
14453
23270
17992
4420
14366
25707
1109
23504
3545
7798
3687
2273
4516
14468
22509
21766
326
15421
11619
3753
374
3649
9013
18700
21926
24914
25872
8517
20095
26015
27936
1780
16517
13160
6201
30883
6099
7310
21620
9644
15108
25307
11917
19625
7007
1658
8623
7333
17079
20243
11086
17453
23892
20100
3386
13050
12246
29258
21568
32341
22505
16736
1354
6254
29896
7555
4369
3227
14865
25989
12871
29974
18528
24788
16831
25536
26446
25454
101
10757
12929
11188
28211
4054
31288
31597
17104
10766
28087
5904
10339
17824
22640
11693
24078
19768
19248
28447
22995
1346
21669
3098
31320
7429
27886
15383
197
21564
8069
299
32322
20999
11487
27765
25053
10007
26594
9389
20773
21913
15294
31112
6969
5166
10038
31047
24935
29286
26726
15162
30632
15627
18261
29184
23057
13379
11799
23254
2176
19869
23553
1730
8100
2272
29495
385
12279
23321
9774
284
12466
25068
31397
19435
30235
8667
17714
22402
5185
11672
4796
3050
27300
23057
32234
17589
3669
11266
8075
5845
31135
31629
7575
6467
1133
4302
6852
13413
27623
16626
13697
7321
8927
12326
26756
6394
20993
11702
28796
26179
23374
824
29229
17906
23882
28695
2727
27551
7193
10803
628
5560
9664
8203
12027
10797
12505
18879
24210
7360
2738
5140
14681
11665
17466
8669
18059
5692
20371
14087
31871
10977
14911
28332
28884
6025
24259
31611
808
31453
9646
1436
4245
19310
9639
16273
30108
22144
2384
21550
29504
5122
26690
11417
16787
11389
20086
2078
17081
7689
16165
16184
18667
31077
11748
14783
4334
3239
13626
5143
1924
23273
6579
6170
9815
16219
22443
7155
5595
24827
28706
2332
29950
22628
13749
13969
1249
1068
16048
18330
8757
32213
1746
27424
30522
13494
9439
2089
16734
23066
7232
18658
13571
13811
24828
23386
30030
14503
30542
2858
6563
26480
5190
3745
16340
18939
17714
17590
20007
994
3152
28765
440
4899
23421
30962
18393
93
283
2359
23159
7515
21018
3962
21327
13078
27348
18589
27582
25122
21447
1377
18834
26637
5122
2407
12809
22836
19997
