12486
4676
4478
29167
3844
31170
15270
2031
4902
12271
25531
31307
20572
29456
22674
20632
28955
18131
10109
13874
9537
25815
30819
7533
1008
4015
9793
11116
2695
5387
28163
15181
10063
32641
11580
13907
31043
26850
15938
3178
6353
8702
1717
26925
5390
24392
14790
1577
9755
24899
15451
19292
17946
13503
26825
18955
17518
3850
30071
20213
9237
25466
2627
19300
25339
14207
440
23615
8290
16378
26793
14643
25080
28510
8801
30470
20134
23591
32047
29890
15722
14731
16414
900
28234
10472
19855
12984
14322
17159
429
23560
9857
3056
10092
2429
17264
10532
26044
25554
26911
20069
7429
19223
15811
16230
16926
3178
7053
16205
300
22775
30936
16714
23676
26402
27186
10763
6618
8741
27922
7048
32301
5012
10104
9625
7441
27368
20158
717
20154
14301
20786
27584
756
3829
11046
17682
7007
18100
1120
7307
8107
32056
24022
31783
25691
18440
9779
32309
27181
4933
6589
26714
9945
16694
3572
17386
11294
23730
18103
31449
5263
6121
26265
6019
9951
4543
23702
16958
22643
24822
24266
30751
24110
15520
29766
17033
1192
6777
16575
28374
11711
23164
22320
21656
7090
25892
6275
18385
16854
24378
17066
22117
30500
10563
28137
7683
15106
19071
24641
4982
11125
16139
2965
2467
31659
32731
19501
84
6741
3308
28458
18452
26472
18010
7340
795
11135
13615
19180
27989
5226
3478
17339
2958
14041
12708
10641
29147
31779
2514
1361
10136
18654
4326
12603
17545
4290
32104
17629
11031
2644
13319
29483
29117
31330
4055
29912
9697
17671
16324
4918
22897
19802
22257
25855
1075
2197
3728
30222
1208
6242
31584
11344
24896
3142
23948
9674
7432
23284
27303
18463
25929
7855
15178
22278
6417
19234
19422
16114
4137
2978
21032
27034
22780
10522
20121
23855
12719
23849
21309
13928
30091
20125
25272
22220
23268
16452
31894
30700
6969
26429
16396
130
1516
31574
22408
7933
18040
9062
24047
22177
12040
12312
16443
2052
22834
3796
25907
2785
27645
14448
16713
24969
1806
9218
14421
25074
25670
13547
23006
32639
7208
6634
1
8725
5441
22409
16658
23481
31471
7938
12891
10743
20250
29334
12795
10316
363
5934
13101
28008
20383
29815
20209
22189
6265
1862
14495
31935
15409
4733
31807
22618
11368
31808
31343
16809
21450
15233
7522
20153
23171
20413
30897
10653
16980
10924
20969
17343
16859
1303
12583
4474
31118
25
26663
4615
1887
8390
3782
17297
13123
2821
7147
24491
1862
5722
8532
23312
20955
16055
10697
11359
3700
8826
22012
20680
19751
10214
5255
3842
11517
17839
8316
9867
17864
2211
14482
19751
10601
18264
4280
23724
21086
11427
15448
22948
17149
23980
13492
5337
7267
24189
16696
10968
248
5940
31648
19999
16154
4136
23841
27671
21975
32157
4770
7071
1600
19252
26822
12201
4749
31103
3157
25835
9762
18605
16015
26912
9818
29507
32249
17085
20928
16177
28053
21176
22117
26934
8407
5504
31070
32248
407
20277
31637
5178
27348
469
24430
21402
12670
29179
19737
15828
22246
29500
1665
5493
23644
11483
2232
23125
28569
23161
6534
23854
11569
28651
18020
19977
1387
16322
19457
1795
3831
18327
6973
31179
18796
31403
19814
31467
27815
6783
14527
17293
3515
16192
22787
27159
27676
25019
17516
23477
15412
24050
14563
26982
19934
32584
14191
21321
16138
880
23116
19970
19207
30089
18381
5236
28725
5427
3935
23772
12211
18462
8297
15726
1886
31084
10118
29562
23336
27634
20271
5980
18917
2067
194
6083
1883
14385
27404
18021
15266
17753
5223
1705
15074
23605
6941
11031
29032
10876
2035
8475
29338
10333
24202
31225
8649
1552
28019
31985
29186
15523
5198
15335
17590
5392
21418
19473
19778
16055
4726
2276
1040
9950
3981
16114
787
10923
27146
29819
21799
29181
5527
18370
6746
29729
16827
15396
31281
12078
14613
27699
27601
19811
10267
12423
25204
31685
31896
12214
14972
3855
14490
16012
13805
18471
32127
14592
29394
26505
11643
18426
22918
17170
4028
29665
14131
20855
12293
12644
165
26906
7576
27767
13950
17843
7422
6386
16760
6551
18600
31733
10406
322
14977
24211
18793
14336
6035
15420
8073
17678
1078
30992
2081
5106
27889
16212
25961
7414
28857
26126
1552
3665
21125
15502
21508
28548
21888
5500
2331
7720
4465
12737
8042
19443
4180
26836
1011
10215
9488
9085
27893
10566
7309
29974
15672
2430
13419
8865
9844
9508
2223
11396
13173
23349
26899
1913
19129
16019
7413
21460
23740
11879
1429
31782
31322
5609
25850
32333
15824
2570
8650
10949
13136
15959
8156
28808
18389
21575
4905
28233
31083
7129
6862
11488
30478
993
13401
16839
17012
20814
5531
7984
32693
6960
6999
31247
12569
81
30813
28393
2652
6695
6574
15788
22655
14730
11829
8276
3537
16734
3742
1852
23863
10604
13340
21573
11597
26741
5644
28609
14788
11175
3826
14713
18135
10825
13193
30704
10906
11238
26329
13558
17933
136
29347
7820
14866
8408
16097
18404
25142
19839
20256
16238
30443
829
5043
9272
27570
10688
5113
9590
21863
8939
24304
7231
19764
4729
5167
30671
15967
31497
11461
1132
31633
8040
8953
13731
16448
25050
32135
8823
12121
19624
25061
9796
20453
30104
19068
15255
8024
24181
24846
29888
353
16382
4351
20117
21111
9518
18020
4310
8247
29482
5442
7112
4754
14395
20844
21203
6677
20211
30026
18798
7067
22319
28594
27520
19655
14894
10008
27680
6308
2086
24800
6661
18468
29151
26778
6811
5901
12031
11121
14149
8745
16563
21261
13499
30959
9337
1934
4868
29549
31960
23667
3848
21511
19493
31369
8399
1620
8609
3311
7928
10695
28111
14589
29163
24494
8599
3206
30395
20630
14327
11776
29375
30890
270
10107
29081
9607
12041
1182
6388
11234
24849
10237
32745
11574
8838
8376
13194
17447
11687
21122
28142
7030
2943
24537
31524
11543
27743
29152
32173
9302
8160
28781
7424
8430
6120
3738
18038
18161
4920
24426
29395
29769
1895
29373
8575
10733
4981
21770
28180
16669
10124
23554
23699
13068
15323
22456
24611
10298
18840
24016
19600
27000
20029
27025
2663
26149
30763
20701
11543
2915
12359
8170
32684
14255
4775
8491
24988
9757
30261
20401
26426
7618
11187
17357
20686
26511
7045
12529
4041
25885
3777
23642
20118
23807
17899
22781
17188
15894
10714
28731
18809
23073
4134
18725
4560
8909
27216
29549
18666
24710
17182
12324
32328
28369
29682
20246
22112
3959
7
26154
29845
3784
17028
17195
27591
2159
7208
12012
18053
17922
7975
4094
8227
12109
22819
12788
21019
17267
9569
6917
9209
26751
19242
8769
22352
16156
29015
11697
20115
29022
5083
17192
39
22111
1619
27630
24270
8827
6874
9555
26749
14850
13649
2209
26959
3700
14997
15210
20967
24566
22128
30177
18549
8602
6178
8133
24758
2426
19830
12105
31448
24913
29298
31487
14256
30917
26350
5758
6977
456
15313
958
15306
28962
3167
9498
32662
18164
24708
20862
9962
14068
18271
28511
22670
24449
3877
14660
26875
23707
26766
25556
15853
23296
24275
30109
21445
17857
3100
28422
18314
18413
29381
852
14608
32548
10350
14502
17945
2291
2596
27907
16359
20867
23651
6262
12549
27528
20922
6656
18467
14920
32212
1552
5448
23720
31662
26894
8809
1994
22548
27123
20407
19161
27976
2247
18942
5558
16750
4119
7849
19346
32026
24209
7446
22909
30471
19995
17669
18625
26651
3369
778
26096
4921
6226
17048
3815
352
25857
5809
22901
20213
26217
9294
15421
28464
28236
20979
12446
32355
28829
31793
31614
20270
6471
21755
17973
26466
6657
3830
20349
10026
4608
13677
14947
10835
30725
18763
11187
23815
24572
1320
11260
18021
10615
26681
13718
6083
14892
26164
5671
10953
25189
4517
31223
31660
26272
16428
25358
161
20259
12940
10187
24867
26617
25135
2934
24575
11130
14122
15622
2934
15442
26882
20956
26057
20795
1906
32141
2919
28070
5044
13873
20492
9561
12328
19384
3065
28757
11975
3227
16248
24915
13414
8347
18764
5781
11282
10571
16911
25404
26193
19846
8078
20307
8034
1368
8334
9940
741
11254
5242
5785
25127
25734
15346
4687
12351
18411
676
24326
21638
16924
16473
2285
25272
2469
8066
3786
13041
24978
29190
6466
12056
4500
26774
20090
5868
2340
30030
6609
13594
2504
12394
5953
28239
27740
10641
7822
13384
11317
32148
2254
28242
15853
4539
20746
18322
12606
24532
31363
4816
20954
5062
16872
25454
31836
4194
31323
1408
1456
5164
15003
3960
17559
20956
32199
12531
31597
7253
25915
10147
6633
28170
5621
22486
32709
26367
8041
12547
18131
6636
17363
6317
11698
1467
31771
10766
5661
30326
12175
7117
2723
27178
11078
20282
15366
10509
45
14196
17763
25961
24343
24396
21363
29964
14115
21304
23563
22156
1084
8926
28792
18447
15243
7723
19915
14246
18489
25576
11805
30664
32694
14528
25074
11004
2042
7673
21513
2087
21869
6508
28048
13444
30905
16643
10640
12252
5180
1435
1640
6264
10361
30432
24711
25604
5387
11858
7082
23877
4667
18887
21773
4593
647
14080
15597
2689
21753
4342
4777
10854
10851
57
24298
8988
16701
2170
21240
21881
3605
22880
28145
13966
20544
20088
6802
25932
31947
13884
17041
3846
4
6046
8439
651
20126
24036
3341
9111
28378
8118
19965
6461
8175
11495
15449
24876
13665
3921
13989
17270
26801
9366
31236
14578
29455
5270
7742
28634
19155
24783
32480
19159
30829
8151
19810
18188
32187
23151
27299
27797
31269
14497
1491
6677
25992
16940
31553
6890
20862
12775
24160
14895
22141
22629
29473
18828
27899
4447
14694
14286
29230
14406
677
27292
22557
20488
12712
21976
10871
7243
17006
9373
21740
18497
16050
14965
2669
14835
21855
23531
27610
13247
5659
16984
3108
2364
3044
31008
6812
17739
12526
3274
32145
13204
30566
21935
924
10510
11143
11795
17754
28149
21168
6726
13878
4450
21691
16548
19286
10778
7311
14128
24026
12970
31112
27134
15335
1389
25374
22147
19128
5133
25421
18505
18337
23220
7672
19261
962
18816
31056
18716
14197
19457
25443
28076
23907
14366
11856
10425
25145
19167
24554
16403
32138
22898
10769
14705
24287
3376
4084
10647
8509
29505
29153
26846
19957
4057
13339
20920
22873
11627
6868
4303
31084
32311
32379
22224
13910
11467
32649
6287
30634
24435
22690
30004
14566
691
11941
6085
4067
16025
16733
12576
12763
13118
6654
32720
17175
19993
20872
7281
31621
27741
11584
29937
27284
11195
19393
8426
22662
19275
14713
20528
10942
4635
17765
25508
5327
29706
31594
9394
12964
15559
21971
25727
28677
28625
25679
13084
15851
13784
20365
14704
8757
31949
11873
3273
10376
31267
11700
270
17774
26413
20799
28716
31049
5796
21457
3608
2734
20283
13002
15698
3074
2205
8657
31751
30831
1569
12067
13914
15353
32433
28618
24110
31614
7723
27383
9223
6222
6315
9493
23996
32729
30292
19945
31010
3320
8634
1850
6055
28917
14852
21753
31991
17058
30411
30974
15121
31980
10273
29035
14565
9938
24885
5907
8785
32608
522
18008
6063
6838
27501
30059
6799
25026
17236
5041
28346
25870
6891
1633
22019
21743
23387
21242
6033
21030
19448
21154
20242
29722
17421
2039
6892
9538
7946
15677
9379
8468
917
15442
15306
28419
12733
22105
20677
29970
27146
16255
23072
1269
17889
12324
23013
8508
798
29046
29538
20247
17433
17012
17201
2086
19051
24093
11625
26997
7003
21004
2697
7920
3678
18004
3571
16411
7341
24248
13613
1720
7736
3918
2989
25625
16242
26002
1365
17040
22281
30903
4519
6946
15147
21720
9032
1430
13046
20657
28427
20049
8893
31124
27969
12571
16360
31541
28983
23702
23021
9828
25422
30757
13746
28411
23614
29988
21646
24979
14261
11159
23114
18780
18105
5493
7733
27137
6923
20779
15027
2582
8060
23920
939
3261
3724
17299
2034
32707
8233
25056
9767
887
23045
23514
29299
13892
20734
18177
6103
2227
29336
29218
21008
14673
1943
28741
9042
8867
16752
24069
11449
24812
15222
12388
28073
18946
29688
30108
18885
5153
22396
28652
6041
12673
19398
2572
26565
7365
20749
32669
9592
17317
29119
30600
31990
31062
26573
8264
7161
10557
32334
18611
2601
14788
30999
30675
966
27919
28015
19851
305
17643
15735
6346
30316
2366
8918
24114
9731
29667
24015
19323
14216
20366
17156
13438
18660
10961
21702
25822
21519
21268
11665
24120
3288
9896
22027
4254
5048
17274
24105
5353
2149
7073
11699
32466
9439
20617
23812
19170
17516
15059
5725
31732
2657
22881
12402
21317
1075
1336
14371
22594
22605
26036
13946
25893
3165
3206
30148
8213
20480
21485
13566
22630
28558
25265
22328
5229
13114
13372
24399
30630
28431
30125
29594
31088
20238
9228
19637
21313
10564
1241
11139
401
27277
25086
26295
30442
28292
23675
5887
16004
12392
19453
5866
8183
11950
28194
13412
25064
8798
5044
22926
4461
2401
19752
2781
22639
28980
22419
11185
6777
23660
22324
7178
18169
14642
705
15844
10166
24380
21731
26171
4005
8417
32037
12188
20367
27464
25600
12664
3494
30644
2822
7956
277
22575
10737
22917
18787
388
1334
25564
24048
23658
32743
9450
5533
680
25294
15699
25061
14257
9102
29066
22674
8372
8486
10274
3068
1318
22938
6562
31963
25760
14518
32240
15567
25256
22389
1587
25644
23723
27151
16925
14614
27126
26375
20147
27807
18901
3078
20100
390
12181
16398
23065
20553
24884
571
23621
26202
23509
30183
25397
16501
11934
24870
32069
4422
14491
888
30066
5447
28039
14223
20061
22398
7830
7440
17437
26731
10518
4769
27122
22699
21167
17419
10484
13283
17990
1337
6717
8731
31521
32115
25232
10687
24217
24533
15109
5940
25421
12407
11387
20693
26631
31448
10323
1693
6120
27760
28425
16639
32529
22779
6570
20928
7430
17055
1443
25420
18392
8160
1383
17145
7507
26615
27832
31724
18381
10173
4897
11034
22581
16284
31727
16444
14965
9282
18137
21085
4274
13794
4956
4035
3805
11527
24963
11235
28582
26406
3887
14206
1799
5270
31352
9306
31886
26416
8263
17499
3822
13160
28533
26403
29444
27493
10079
11641
4007
28216
32727
8282
9243
4915
12317
13048
16442
4513
24284
12256
30919
28171
26463
32718
674
25047
9257
32560
18695
17520
17291
22517
30680
13056
16152
27356
7781
26231
6230
11789
21680
6189
20071
30923
11104
32388
11203
27547
4133
2719
7035
2285
30891
730
2235
31565
25777
11492
31357
11705
29012
15880
1454
26924
28936
17607
21513
3950
11070
27743
15739
32750
1164
3042
30905
12268
2662
9341
7047
6796
12060
14083
9081
10183
14813
11316
8980
7823
22809
7569
19528
19053
23449
20982
13210
19618
5821
1955
23568
16892
29698
6539
16874
30862
9581
15012
10362
12243
24353
17410
19039
3645
31493
28120
13829
13538
6669
22809
21361
29478
30379
8121
15763
21060
29104
28973
7910
2157
30928
31478
19049
27858
5249
3156
25952
14830
18168
3547
27074
9753
20957
13345
13398
19682
8698
27227
452
15367
17269
21814
12077
14880
29935
27840
3172
26271
24046
11083
28429
22206
9793
14710
17297
15043
17866
10481
29873
3266
14028
24179
13019
2217
4757
26418
21899
13455
20877
22352
28822
5378
11398
8131
20258
8565
3203
23431
2069
27249
1746
30498
16688
11539
12440
1217
26582
30307
11698
23688
805
25727
15099
13825
27944
19856
7475
17076
543
28352
6660
29365
963
18058
4728
21221
26623
7932
11884
28692
2413
13630
26422
19101
25170
6095
20318
18984
3634
32017
9904
4439
24976
25004
18264
20152
12092
25739
4460
12636
21324
11120
9233
22287
29178
13962
10740
23034
21894
22625
18958
24307
3487
12613
10641
28657
18708
30959
14874
22342
30208
24778
26781
22416
17014
12278
9801
29107
5249
14261
8975
26573
25382
18208
16092
21792
32170
26833
12058
21296
16690
31017
12836
20177
10862
23477
16067
29570
21668
30941
19144
19109
22951
13157
8757
7198
25435
18558
3537
30685
52
12512
24490
25434
30720
7815
14458
30123
1880
26517
18651
18570
24766
31487
5979
2860
22196
22046
32430
11097
20219
18806
30206
10403
31963
6195
17601
24631
24754
21138
22548
24806
882
14270
17472
31602
22085
31930
28957
23965
25679
14841
9767
17677
13560
15747
20537
2989
5025
20199
14086
25245
6237
11524
2880
5433
17719
20481
30064
9705
8851
19844
1743
9733
1346
19215
8567
23432
18378
4757
14629
11289
19598
24397
28967
390
7376
16736
3379
12401
4168
17465
4878
10405
28989
7758
15838
13941
28239
13134
23646
4322
210
25390
14055
1557
11837
22623
24989
30215
27380
6850
8737
14210
31247
4936
14600
5855
21672
17980
18257
25840
2677
23135
3478
31667
30894
19316
12840
26365
32451
3718
30688
32661
29108
11975
1450
8178
1830
26439
5625
29210
522
14362
10652
31769
19298
25253
4857
8203
10465
23114
1275
13142
13481
4753
12041
11607
24070
24881
5205
23753
28600
3125
23646
24940
15100
25097
350
16931
18768
5976
13373
19290
20338
24026
18292
6869
16511
23149
15072
26976
13495
16347
7350
26976
21101
19392
5816
12403
11505
11021
3388
7337
14146
27034
32278
29246
19363
32628
13409
5364
5836
26783
24654
26175
18041
10178
276
1784
559
15348
28760
14054
31695
3342
8263
20028
22734
14079
32431
1472
25100
3051
8809
6478
30086
8319
2956
16681
8180
16366
22045
14016
10381
13932
7423
28422
24110
7699
30206
24670
23047
26198
5956
21975
29540
14219
9235
19507
28298
8899
20979
20630
11950
29788
27108
9268
5340
30065
25950
13520
13663
15227
27536
24044
29159
2192
19698
20502
9891
17136
12404
171
10566
18360
22146
7338
32580
31381
26845
28110
7512
15056
15973
19463
12077
10313
28731
17417
7610
21913
30937
21273
4373
25705
12549
764
27897
32247
21266
5021
16615
902
5192
27181
19263
27338
1752
19075
25951
28597
14417
696
10886
30390
20159
22963
7936
16122
7612
15546
5268
5781
4052
9641
31486
16601
10405
26616
16081
31672
31637
32696
32574
4061
27110
19069
31399
28862
5376
24582
24691
19794
25278
2809
17416
12669
25772
25352
28792
616
8131
1292
6397
12183
10933
5116
28784
21338
31732
12097
20242
30601
12026
20049
1894
6368
6350
525
2462
11727
25107
27153
31521
17618
29963
16169
30287
22967
8754
26311
23584
16885
27603
29981
29068
5768
2329
25084
27107
1293
4414
14581
31894
16440
1862
1020
22808
8213
1545
25270
19940
26653
19655
18693
11503
16850
2094
9022
7050
10848
2566
30634
27733
30169
27847
24033
3170
30177
16350
30277
31470
20764
12090
30597
4436
13953
31617
27244
22166
395
19746
9338
27048
6633
28031
5783
23484
30125
14805
30534
8206
17371
28400
3171
14773
23479
27205
17943
20888
10787
15452
19591
31551
27542
17420
3219
8727
16269
30463
30893
16664
17441
7463
10944
24074
2726
16727
14790
84
31533
12556
8290
16136
8188
11461
30909
31668
5898
16084
19788
16685
31536
6611
15468
26311
24031
18687
2270
7533
16382
396
24197
1055
7859
2374
25130
10586
19101
7152
10670
17866
19709
18960
1235
27897
30421
32144
26797
3552
15461
13818
20237
14229
20429
2938
7772
11693
21625
10043
19226
5240
10439
10655
6295
18298
13029
31425
28884
32131
5810
6786
17229
25519
25746
18464
20648
23400
17841
14678
26952
534
28496
14421
14763
16157
17359
22536
27850
6217
32579
14308
11457
10250
24964
17752
28548
5225
16410
24665
4588
22220
31451
21818
14971
24430
7514
2851
15062
25355
17529
9246
25889
13257
23667
7885
29415
8259
30421
24497
14476
30232
6038
25933
7714
31002
10917
3494
3459
27327
28159
8048
16779
26843
29866
31750
18505
4612
1834
799
29968
19363
10045
23089
32621
944
30974
29268
9203
28627
20997
23679
26091
27035
16844
1037
25269
27762
4532
28729
22321
32691
4009
6333
26766
1107
5315
12503
5719
7149
13302
2919
26513
23347
26009
26366
24292
24215
22866
727
20075
11095
24407
13398
5363
8483
14436
30632
3477
18968
26593
25799
18891
30602
32132
12890
31709
4679
25393
4661
11829
5928
7580
5574
29275
821
31940
20799
25037
22038
21527
12344
365
13166
25742
5728
21649
7410
3593
25127
26378
30186
18158
12502
28021
17522
25392
26962
22201
18017
31623
1262
23945
6436
6836
20453
7257
6008
8484
32294
28046
30011
11870
28412
10409
4845
1372
32059
12255
4965
24418
5866
2384
9808
18368
30405
27330
10992
24599
16763
29009
23455
18026
20187
29891
24862
7872
4380
30871
16356
3907
26149
13600
15777
21793
24009
20622
23166
23300
110
28131
14950
5976
30515
24758
24344
28152
19320
2568
19984
3316
31577
10671
21342
18996
7794
13436
26868
12174
11539
10457
16081
4921
24057
31859
26714
15298
19713
17112
5831
19823
12476
20781
25799
10223
12772
17375
5608
32092
19943
25592
2640
18753
3495
23982
4981
11289
4651
31850
23463
16190
9539
6777
21111
828
5868
15058
16126
25581
32170
21957
12637
11878
9971
5668
22102
22743
23044
27710
22067
10219
20534
24708
28972
24029
15922
1186
2550
20573
268
26013
3996
9807
22
25107
10635
5890
7397
26761
31472
6800
15951
11341
18678
25922
17009
8012
15897
7285
2954
5196
17505
23488
29904
13709
14749
13059
14895
17299
864
15163
10545
4860
24970
10567
29968
2837
16458
4597
29599
15162
11397
12782
26503
30076
5936
10744
5320
21833
18030
8275
27029
2767
31763
24166
16476
13745
4457
31372
31044
5321
13767
8821
10182
5970
19389
7382
8807
3079
11979
5638
18241
23377
18420
11976
20685
24356
22720
26005
13421
7982
1512
7683
10749
508
31849
27226
14253
3538
25830
12529
8859
6829
21351
19041
12799
7972
26423
21607
11051
5635
27245
29292
29012
12898
8500
16929
4486
31220
10166
17908
6435
11679
25591
17184
12187
24672
11642
26440
28210
4704
6201
4301
11534
27552
23343
24333
2756
16998
13172
13807
22633
7650
10331
18877
20548
18831
3038
25034
17284
13205
10174
23719
24884
2997
8135
4303
27669
19778
30743
23111
24482
4176
27413
3248
31729
17988
27582
1717
2218
7986
15525
24852
15636
25856
10961
3416
11920
14000
28451
29204
27205
5857
20155
19321
8855
28290
23624
3756
15300
21599
26868
7015
25775
21513
10263
24736
6733
5077
26454
8951
13064
9211
1035
28700
2299
11997
32117
14219
25997
27800
10655
20434
889
30810
6987
9744
26333
30611
13501
8865
19442
7601
15880
12449
29114
26144
4418
3079
31221
30872
12030
11517
7315
13066
7450
9614
25063
6799
23834
18292
1831
1721
5958
2720
32532
12945
12465
26097
10788
25966
2194
30230
799
18075
9911
29913
11451
14329
224
9904
12433
12254
21422
19748
25320
28872
29363
17615
2903
20429
3139
4734
22150
9097
7454
21914
22042
19919
15243
62
13117
17438
30292
13916
2745
7436
11061
14196
21765
11285
24100
1431
23540
12754
21179
16092
8858
17774
940
11761
5435
4079
16495
27586
13177
23950
16732
2451
11101
31976
2514
24219
16646
38
5367
19391
7474
16429
819
29240
27714
24919
30671
18486
4906
19082
1811
13764
4089
2751
25526
9524
6830
9253
4342
20007
435
21075
22459
11537
20283
24973
2988
4161
25011
8355
23552
32486
24784
24371
28958
19731
16522
26861
5449
21428
13175
7260
2425
17264
10011
27951
26789
16842
4436
31131
4081
4872
19438
26540
16409
6953
18745
19397
11114
10989
27752
1898
10707
19769
26269
6897
6732
10024
990
12181
31452
14165
19442
1109
31430
29453
29060
25451
13527
729
23814
17609
5601
10485
11381
22010
17438
30127
8639
28553
8348
3623
30451
19055
23392
23953
25952
30124
1209
26942
9538
32661
8339
28980
1003
7001
25665
30063
32452
6425
30792
23499
24034
3625
1216
2647
25635
18654
6
1506
14439
8354
5130
12123
27409
28522
3308
20593
25879
4517
14767
2649
4410
23107
31629
5413
30108
24526
2709
29793
30951
733
20524
22217
4359
21740
24865
29994
7626
24871
31501
22066
458
3863
1421
27867
32385
4729
15693
25496
9246
30460
28145
13656
20799
27006
19070
18140
18765
21779
15165
16948
22512
2921
6398
26871
24661
31263
24098
32287
23366
22831
21585
23824
26694
23006
18924
26311
27735
1849
19040
4213
32309
14417
17870
20341
8656
4172
5713
27421
25951
20878
11601
15695
23799
17999
9799
15692
16494
1129
15211
7093
23960
4029
30917
17886
27035
17073
11429
22003
18922
30469
26216
18464
12119
11318
6037
20775
15490
11750
15428
8673
32628
27029
24369
23659
12261
1400
6583
28755
2529
21794
3080
26489
25823
1230
11607
20091
18303
23036
9326
4458
20738
2774
22922
89
14093
28959
20864
29583
7941
3524
5489
7801
30553
29858
31460
10046
31258
5275
6034
1019
27069
9114
27508
20125
10344
6347
7448
28648
29383
16774
338
17353
19548
23260
17442
873
19451
5538
30457
27392
9062
3178
2425
6848
268
1117
16894
31526
6392
22928
32545
693
32043
27285
20818
9619
864
28266
5499
30247
12272
5837
14833
31821
29097
32275
32694
15780
5046
30383
10404
14108
793
12829
20956
1061
13946
5083
32587
20338
28011
32364
21032
27286
26881
9082
4138
27745
4581
9637
25225
16853
15475
7290
15906
11804
6797
15833
27585
11843
13448
5221
25952
14242
18051
14140
15303
31997
19223
15123
19568
14467
14719
7832
8985
8833
16914
13123
3810
21495
22761
29035
5581
5468
3557
21487
17272
10355
4552
12089
22198
18001
17311
15382
32243
2594
29523
14778
1823
15978
29901
21391
30445
11853
29223
6663
20686
13370
19786
24496
2097
9779
20764
7678
15247
24321
29166
32520
1908
950
11841
24107
18951
29152
6721
18426
31746
3476
437
802
19455
30338
22193
17132
9423
18649
23795
30109
32019
10814
21838
1348
20593
9834
9027
3073
1387
5425
2825
3296
6375
14666
27403
25327
11051
1356
10985
10029
4833
11422
10831
24288
8993
257
8652
18416
18906
32448
15758
18157
10494
4828
19505
31087
14662
28532
1392
16049
1189
4217
19345
7565
18884
13980
124
29935
15337
11109
7196
20170
22532
18028
11690
31525
18285
20342
17173
4423
20022
163
22580
30516
4991
9317
28836
19653
5082
30228
2935
6271
1678
22280
13836
20562
3493
13960
17729
18830
25070
24925
6232
14834
10185
17922
13591
28470
5496
30764
125
25519
30928
22705
23267
3151
32023
19335
22805
4337
16796
25740
10608
18474
15252
24445
6268
18745
5637
23997
4807
30707
16154
11039
12773
26340
28961
26364
22042
1690
24361
22168
27209
22521
12105
17708
25672
11360
4276
15709
15697
21072
8681
26306
6778
23934
17983
13046
9911
23620
4275
14719
21560
20429
25758
1565
14001
21952
27930
3276
23642
19523
25444
18083
9276
4781
3023
2180
16142
7299
17890
31839
28371
26571
25377
2381
17737
10592
15427
27649
1445
19702
9600
23005
7364
2590
24570
21365
24542
19732
24641
15416
6487
17317
731
15763
22099
3755
17944
5473
11054
3066
4544
6658
29637
29922
9039
14607
7746
24467
9488
9191
11401
19088
32196
18765
21678
23999
7363
13453
10963
32004
28869
17451
16554
29601
446
5885
588
18390
11358
11642
21456
15902
18300
18326
13056
27340
165
20803
19039
9653
29994
30440
28741
29423
16438
17651
20654
23801
31104
31617
23037
27206
16300
6823
24039
16747
12708
24627
2369
24066
3501
23826
7201
21802
9384
20257
16374
9549
8292
2645
19202
5519
317
15175
2174
16755
58
22828
7788
31163
21677
30826
25601
5210
4881
16872
21957
17590
8731
24326
8888
12232
15384
16089
1266
24768
3579
17640
1549
11871
20285
20751
17390
20603
3158
19564
4590
3217
9624
12379
1612
31302
10437
27213
3744
15318
11317
25701
140
20048
17259
9029
32280
32644
25118
779
24644
28697
18419
26194
7801
5937
14177
25191
26540
17336
11988
31130
20553
21612
10741
22165
20146
21178
16610
23890
3729
27927
16823
3869
15207
1315
12898
14719
1191
5249
15498
25835
1178
1150
19261
8979
7087
671
1403
859
18007
13391
31989
5792
2235
9963
27957
22382
31141
11799
13504
2102
6958
30328
5972
22165
31643
18870
4116
66
24119
19615
25901
25298
20765
12395
1509
27852
13066
2912
28711
31073
16303
27932
4097
18539
5127
32054
8153
3501
11085
21657
5603
18043
19217
11575
7440
18092
30446
11556
18158
21797
31171
11292
14327
19168
23687
15837
14252
3985
18749
10195
2290
2285
5360
6387
20824
10487
5673
28977
13988
16758
17866
19592
2033
4316
31167
9473
22408
28845
21029
7799
17875
19433
19091
32202
5833
10010
15271
20086
13995
1253
30281
16285
3538
2873
22672
24362
13361
28345
20571
27349
12335
5669
14173
14368
9985
12573
23841
32394
8650
12102
7425
26525
31535
26516
25960
4601
3758
8463
24687
17753
9716
22200
1270
13254
25074
23942
4848
5667
19519
25419
248
31854
31089
14422
13454
8306
26995
4527
7932
2877
16629
15357
29403
15397
9105
22595
19998
12863
31058
11917
30616
8007
1349
31886
21261
26423
23060
26110
32090
9811
18761
32339
8897
17082
13993
22351
25389
8220
26878
553
11097
10740
15911
7732
26137
25016
30327
13367
5112
28618
25284
2960
3857
26633
2079
25118
20289
25139
18460
19611
2183
4454
19182
11080
21536
407
664
14157
8627
27542
14711
19725
5514
30622
27457
31651
22870
25017
12250
27982
20867
4766
30943
24724
31400
254
17074
18921
25393
2767
5764
27576
7221
24947
5889
28757
25354
6553
10147
1214
1327
24858
20939
6842
22712
15628
5725
12814
7877
17976
8029
28744
22742
6204
20700
21374
6458
5007
7527
31851
7774
13292
26660
14995
5471
32549
10984
30825
6334
21131
32039
7661
13221
20210
14503
3165
3071
20229
15980
10948
5437
24009
6925
28179
30213
27625
16786
3903
32632
24313
2986
7638
4837
29646
22633
10308
29427
850
8366
2993
21981
7637
10655
2435
27848
25158
5600
30919
12619
21580
9099
18056
12821
16024
13468
10266
10882
30254
14169
10746
21799
17156
18385
26637
14034
8250
4177
10694
9100
12543
13687
31082
20181
24342
749
15261
16733
6349
13412
29352
27930
22511
14641
7983
5768
28109
18250
16650
25595
32419
27396
14626
16807
13013
8495
30842
21264
12673
8768
30364
25216
22455
28678
12629
14030
29427
27890
30763
3009
8534
27347
30939
31046
9220
6154
4046
4561
24404
20696
30156
24056
15324
12015
8095
28338
20510
6169
16834
415
14937
14430
25632
4625
10341
5493
18655
7000
616
16650
10009
9150
11229
8180
7428
20450
14335
11474
25011
5971
32170
22400
30027
14727
1647
5355
10297
22157
11524
27131
22573
26462
8793
15437
31087
19134
20930
16974
26135
21546
856
3376
30697
12085
11557
5357
32535
25892
16832
24779
31863
16234
14411
29123
30961
16058
1710
8490
5447
13234
2853
28020
6928
11647
10689
5247
30781
31620
22221
24148
20398
23077
27525
18327
2395
6314
23685
2162
32206
7749
26941
31301
23983
8584
27656
22177
24642
29366
30667
30090
9833
753
25342
16761
12400
3264
22009
10413
2116
11462
1794
22514
1772
29319
8074
4167
2865
31759
6329
2303
6740
503
836
30723
9087
28493
20132
962
25091
18032
31052
2156
18785
23626
18918
31185
26890
8159
8830
29006
19621
10624
18753
21393
7175
26827
25560
10040
25818
31890
12343
32558
32393
13180
30513
8712
8905
17878
9674
1228
3142
7958
3385
21927
31585
22303
20344
25707
30462
29174
21946
17315
7031
7931
5941
14206
1990
31501
24247
27808
30623
3822
27598
30248
17002
25343
6193
25907
10453
15867
27136
13595
23826
30521
2754
22643
20056
23098
15582
17750
19505
4760
2297
26536
12691
8238
7974
14681
6972
32221
9721
4827
3276
4551
2308
20278
29895
8501
13418
7580
24368
7786
21176
15426
5539
23930
5301
25595
14261
20884
10577
998
25644
12874
27534
5568
21113
2740
20249
28085
2194
29971
144
5470
1754
2452
25748
31649
10953
6398
6462
2554
14184
27638
17980
19723
18800
23282
12550
293
11398
23127
1291
4274
3234
28825
9842
24347
31566
30092
19664
992
27295
19808
6462
29049
22261
32210
27931
446
5841
1625
3000
20025
29263
20981
6981
15295
11495
19531
15589
22893
9891
16880
27167
13125
12938
4242
4704
11736
1566
24368
12728
28861
11408
19190
25142
901
18632
20305
1348
24473
21930
4348
11731
18425
25329
18712
953
4056
5475
16542
26949
15366
654
21349
28491
13592
25591
427
25328
27157
24795
5288
23250
3436
24478
15624
4337
10343
3162
5685
2048
25092
10034
13779
10750
2595
32491
11703
6652
5199
28245
833
20565
28899
22182
16289
9724
15005
16716
2284
9394
8744
7573
32644
12180
32051
15501
16517
9626
18663
22203
11675
10987
32237
25454
21737
2064
25178
672
8716
30377
28917
9550
18174
25049
31732
1695
2005
13970
18412
4289
23364
27156
11862
23241
6568
11146
5974
23085
20772
24637
12520
32447
2856
11989
25134
24594
14054
17544
25266
22770
15153
21416
32320
559
13697
31285
2255
15702
12487
20667
19991
3083
15055
31854
26324
21623
10232
32298
11940
31004
24167
24461
30684
27024
3682
23050
18850
17736
7826
11348
7739
22979
32764
7291
23538
13693
5808
25793
29395
18295
13692
16619
21379
28747
15705
14935
17602
25937
14466
29543
24173
5865
21236
22089
121
24918
12371
18971
9887
20197
30320
17626
10408
30316
24917
1179
11242
30726
26972
7869
16253
7897
24488
4864
3876
7425
19800
21479
594
1498
18254
24768
7363
6722
14089
7485
31640
26461
26456
8759
13890
24008
26385
24299
21557
18535
25478
31
16493
19682
7900
32746
27579
32389
4843
31456
7046
24643
20167
7641
26141
5653
32409
736
12375
13730
8221
11247
7423
1910
20007
21314
25918
13624
12845
14707
32159
5555
14738
15884
25237
22639
15863
20049
22260
20706
18737
29306
12581
6136
4179
5954
11789
3820
6690
24164
17551
14912
2643
24974
16822
22650
13520
9972
3507
26365
24680
2898
31920
6650
18783
24390
29289
1878
11671
18781
22584
30408
15320
2397
3776
19499
8351
15565
23320
15041
6961
8103
29953
9604
309
14007
32255
13830
23980
2994
7427
15892
5892
6580
22542
24675
30970
19064
26553
9873
5077
16369
7513
20397
18766
11289
7129
27117
26854
30449
9391
1047
5784
6576
10651
6093
20584
10138
19923
11796
13132
27351
27688
19025
1163
17462
10932
32133
3758
4718
9238
8836
21087
16751
29233
7086
28040
3594
1435
22126
1275
10826
23173
7059
17403
1056
13153
5219
11195
308
17015
24327
27659
11935
10584
28822
29397
21517
28187
388
26235
4657
9224
14554
21408
5689
21640
16680
9284
23076
6038
10559
1134
29211
17619
18537
30268
30772
23756
8695
31080
8003
254
25972
19938
10839
22026
16568
32356
17446
16956
25823
22103
26180
7609
10744
31869
29250
27424
8385
19558
695
18945
20692
29906
3796
6462
27406
1800
30218
3333
112
5454
3588
26084
25392
14427
15343
9192
14015
21
26148
7070
22124
19560
14679
100
18662
11161
27525
27047
30719
28220
13224
18644
25358
17020
25106
19997
18820
22556
23330
18933
28010
26918
12249
20635
8577
27592
29827
22592
27613
23208
29662
16970
10000
11574
17070
28662
22735
11827
22942
20687
7279
3398
6563
32638
20419
31669
19867
6471
21457
10429
25404
16700
4580
4886
4567
13157
32478
1626
2982
27324
24834
32644
11526
2067
11450
28596
30729
1418
7656
20903
22105
14935
24302
28668
14805
11953
27569
1904
18424
16258
12334
11061
190
16914
15947
4757
30071
15657
6384
285
10213
31218
162
21739
517
11612
17568
31247
13030
25224
19382
2367
7391
10916
31035
22197
22869
25836
24101
8526
9327
3667
19587
9517
20581
2766
14275
17885
18423
20659
18170
28637
19109
18332
17608
19627
29945
2408
18106
10207
27632
4720
12575
2256
15637
10842
24453
5738
3911
15786
14264
13238
19454
1083
22755
7267
3849
4262
25152
22273
24921
10555
18142
11263
28887
2982
30890
26064
5391
16228
3504
255
20948
16079
2511
3817
26921
26964
9556
30832
9983
23820
11302
29437
24904
1290
3936
28753
5552
29089
18258
30474
6876
3632
8969
2995
6615
7091
29060
12006
23319
32564
12261
11499
15875
14773
15317
10028
8969
24873
8093
18952
15925
19395
15621
8061
20685
19558
4047
26238
15879
22305
23944
22755
25938
145
25750
32553
7236
22042
11791
30555
21838
24052
9286
4945
6057
24603
14974
15027
16708
23067
1211
32634
9694
16833
7927
30380
3623
11974
23850
19502
1512
