Jacobi relaxation Calculation: 4096 x 4096 mesh
0  2.000000
100  0.019176
200  0.009635
300  0.006430
400  0.004828
500  0.003864
600  0.003220
700  0.002761
800  0.002417
900  0.002148
 total: 52.339716 s
Jacobi relaxation Calculation: 4096 x 4096 mesh
0  2.000000
100  0.019176
200  0.009635
300  0.006430
400  0.004828
500  0.003864
600  0.003220
700  0.002761
800  0.002417
900  0.002148
 total: 52.986546 s
Jacobi relaxation Calculation: 4096 x 4096 mesh
0  2.000000
100  0.019176
200  0.009635
300  0.006430
400  0.004828
500  0.003864
600  0.003220
700  0.002761
800  0.002417
900  0.002148
 total: 52.365556 s
Jacobi relaxation Calculation: 4096 x 4096 mesh
0  2.000000
100  0.019176
200  0.009635
300  0.006430
400  0.004828
500  0.003864
600  0.003220
700  0.002761
800  0.002417
900  0.002148
 total: 52.807484 s
Jacobi relaxation Calculation: 4096 x 4096 mesh
0  2.000000
100  0.019176
200  0.009635
300  0.006430
400  0.004828
500  0.003864
600  0.003220
700  0.002761
800  0.002417
900  0.002148
 total: 52.418812 s
