Jacobi relaxation Calculation: 4096 x 4096 mesh
0  2.000000
100  0.019176
200  0.009635
300  0.006430
400  0.004828
500  0.003864
600  0.003220
700  0.002761
800  0.002417
900  0.002148
 total: 52.825002 s
Jacobi relaxation Calculation: 4096 x 4096 mesh
0  2.000000
100  0.019176
200  0.009635
300  0.006430
400  0.004828
500  0.003864
600  0.003220
700  0.002761
800  0.002417
900  0.002148
 total: 52.342906 s
Jacobi relaxation Calculation: 4096 x 4096 mesh
0  2.000000
100  0.019176
200  0.009635
300  0.006430
400  0.004828
500  0.003864
600  0.003220
700  0.002761
800  0.002417
900  0.002148
 total: 52.912604 s
Jacobi relaxation Calculation: 4096 x 4096 mesh
0  2.000000
100  0.019176
200  0.009635
300  0.006430
400  0.004828
500  0.003864
600  0.003220
700  0.002761
800  0.002417
900  0.002148
 total: 52.622280 s
Jacobi relaxation Calculation: 4096 x 4096 mesh
0  2.000000
100  0.019176
200  0.009635
300  0.006430
400  0.004828
500  0.003864
600  0.003220
700  0.002761
800  0.002417
900  0.002148
 total: 52.966252 s
