13148
25679
7142
26844
30742
17232
29629
22636
352
4440
24380
30808
14722
24179
16525
1708
25034
23540
28589
22986
13333
28625
9218
9243
25696
15212
12465
16397
3669
18458
17980
16817
11370
25122
10894
9344
9587
7755
31980
9939
12195
23593
7980
26917
15004
24505
28626
7270
15277
24447
30256
28611
20304
6706
5086
13232
21918
17552
29629
25588
3242
14841
9637
14612
7196
20531
23957
16783
28286
23169
26722
7713
13994
1934
1863
28998
26439
30489
3500
8949
22168
988
4792
9704
7695
9878
22937
29613
27430
19798
22433
30673
1872
32071
12517
9068
19834
3706
25851
15353
26876
19805
23066
8102
21740
24929
4333
15411
22650
7833
24360
12050
8822
29152
21755
16517
6263
11924
13362
925
31722
3028
31598
826
2331
11348
9894
22165
15054
2977
4750
9162
22783
27817
17265
11755
19978
21598
27166
9861
29431
18759
21911
5485
15143
10898
22002
21406
22822
2597
22332
21777
5625
21162
22603
7956
32510
32498
30121
14797
2707
2104
23959
25490
29921
8456
4477
17131
30054
31644
26992
26718
17635
16136
32203
10
27034
21438
21417
17089
24035
10981
6098
29660
32143
28701
4848
31886
28431
2201
13915
31139
4305
5106
23861
1458
13563
28339
18590
10849
27215
12814
4799
12082
28950
4235
12092
23217
25673
741
7538
16940
11722
13636
13832
11098
9569
18680
10216
5233
20881
24131
3604
25187
29237
27465
26645
10032
23036
12467
20882
17483
25282
25681
29565
21464
29916
8890
11913
22821
9631
19451
6993
21354
319
20825
32452
9889
6737
9900
15122
27619
1263
18726
20038
30500
13423
13915
7765
3692
26383
28647
21175
18897
21560
17973
7593
18709
26863
19507
8762
3726
6190
15756
25080
6510
3813
24764
16399
10551
1896
31521
5402
3159
17479
25440
892
30902
6587
8657
1826
202
4536
23002
19099
26096
8207
26693
12037
2302
13432
20800
6028
19622
3788
31109
26132
7601
23105
9763
18152
25002
8516
23554
28161
25995
16226
29053
24130
22814
4942
25956
23016
9478
16190
9348
2807
24397
3273
14844
26699
16705
2876
32728
3559
6664
31069
29692
14266
21406
6687
32418
13640
15204
23205
9034
8431
6663
5319
32561
29477
10262
25750
19726
19740
9172
29074
22547
802
32347
4624
27501
16284
7500
27461
19843
14165
25762
16767
28431
14401
23455
28081
28041
5891
18518
4307
14322
25182
9627
14116
21891
19889
7098
8849
6861
16270
5155
29409
17072
4734
1265
11806
21018
8765
6499
8094
22930
32262
24861
18593
13895
15548
13907
9168
21439
32425
13476
2994
24839
23103
17110
13963
10224
24208
22812
17085
7710
27968
13726
24783
32702
14991
3821
20953
23757
10320
29047
13919
9814
21140
32513
23709
3921
13652
110
25360
13309
13586
28354
5381
3921
12696
19344
14145
4136
9388
31230
11847
4588
12189
3862
4523
27180
7683
25476
18169
18003
21755
32089
27818
10127
31834
18759
14048
12718
18869
6641
26027
32455
2227
31408
3608
14924
17984
17753
19060
27373
16216
30907
31961
28405
2001
3716
22817
9684
29192
8219
27688
18179
7540
22738
28307
6606
8729
9587
19324
27599
16228
12583
27286
18456
11224
30895
612
29208
15880
19672
23813
32096
17812
23007
27733
19813
26723
17783
29498
23148
26002
24418
8559
774
14388
4098
7380
23117
13686
26704
17948
29914
6519
12467
15602
17743
10594
16214
14184
26474
3119
5229
25803
20931
28236
20768
7976
22192
5783
4706
12572
31785
29124
21131
32559
10744
25230
7171
1094
6148
1107
19042
3294
7627
31509
18897
25370
9335
2343
6786
3042
5462
12016
28845
26393
7484
16845
1602
29676
22629
6308
9480
21646
2665
30612
21438
13409
23074
28609
14503
29222
29717
778
32516
4576
32287
18645
29946
8855
20989
3965
11897
26451
15981
7974
20077
23465
24819
21679
20374
14680
27987
29854
3559
30652
27698
24997
11294
18004
20838
25797
14458
17787
26575
14207
22363
26095
84
19542
2182
21073
23507
14079
14757
6720
22053
2066
30185
14104
23745
17791
28785
18964
14878
32344
16849
9808
24573
28143
27813
12643
21172
9503
30431
14980
23710
20026
8307
23795
6800
10489
12100
30307
24568
26857
4259
13853
28923
1677
27957
19900
19468
23974
6097
1578
23550
22946
11387
15355
18321
6432
27999
6725
15935
25662
21705
6878
12920
30012
30673
19721
7733
10005
17260
32301
4095
21520
13386
250
23197
8576
20151
9897
32550
26248
11476
23333
16426
22863
5920
1979
29295
1151
8704
12462
26813
30410
19340
6966
27654
17245
26687
2620
27251
11179
2153
31346
32699
15540
31596
23128
24116
18979
258
23898
12459
11734
14463
28885
1829
20384
30864
31124
21535
6801
10818
15581
4443
30159
22547
32097
14636
16466
1949
9119
27645
4103
7697
27577
19643
6526
17937
10991
25505
18195
2121
5197
29929
16585
1314
31758
4201
32179
30114
25736
6212
8165
8549
10655
5556
31096
9984
20192
14794
11934
29312
9672
16037
4241
4481
2912
10767
22418
13903
3505
7846
16024
8702
5007
32609
10016
3998
4042
9427
1344
29779
15639
9509
5560
26294
15065
3889
3511
2490
18683
15445
31802
28355
31482
3275
68
1626
14043
22487
15529
17548
30333
31553
26250
2572
31395
3498
6570
2669
12926
7915
32448
28565
17424
5241
22092
32490
9130
25603
2212
27813
8280
1246
23401
6994
4521
23469
8620
18564
13188
24149
3344
10753
22934
29594
13326
21561
325
19896
24231
13251
27811
23911
9048
12468
29152
31140
12190
5514
23975
14402
560
32255
15648
23961
6481
20169
14662
15101
5966
27851
6482
9310
5836
29417
6137
19162
18210
6462
6291
9673
19713
1334
817
28761
13802
29969
27134
25992
2716
18341
7626
3276
17829
23274
27237
24310
10676
9131
6644
16642
4214
13126
25952
10051
9775
32089
29213
27986
5783
2736
4891
25496
4071
5708
21490
17873
2910
15856
11098
5626
1429
18724
8902
19258
9231
3371
10801
19907
12502
17445
3781
16717
30571
29733
26768
7579
29055
23213
2797
2070
25950
7688
27567
30021
13397
16289
15126
16307
32145
26224
21933
806
12181
30835
20065
21412
1438
30866
8551
13940
15543
12332
30657
13346
9297
24657
20925
5584
15103
23722
7655
8285
31411
2454
5538
12040
18743
20664
28347
18120
14121
17512
18926
26302
15579
6223
