Jacobi relaxation Calculation: 4096 x 4096 mesh
0  0.250000
100  0.002397
200  0.001204
300  0.000804
400  0.000603
500  0.000483
600  0.000403
700  0.000345
800  0.000302
900  0.000269
 total: 154.051830 s
Jacobi relaxation Calculation: 4096 x 4096 mesh
0  0.250000
100  0.002397
200  0.001204
300  0.000804
400  0.000603
500  0.000483
600  0.000403
700  0.000345
800  0.000302
900  0.000269
 total: 153.457718 s
Jacobi relaxation Calculation: 4096 x 4096 mesh
0  0.250000
100  0.002397
200  0.001204
300  0.000804
400  0.000603
500  0.000483
600  0.000403
700  0.000345
800  0.000302
900  0.000269
 total: 154.369158 s
Jacobi relaxation Calculation: 4096 x 4096 mesh
0  0.250000
100  0.002397
200  0.001204
300  0.000804
400  0.000603
500  0.000483
600  0.000403
700  0.000345
800  0.000302
900  0.000269
 total: 153.374831 s
Jacobi relaxation Calculation: 4096 x 4096 mesh
0  0.250000
100  0.002397
200  0.001204
300  0.000804
400  0.000603
500  0.000483
600  0.000403
700  0.000345
800  0.000302
900  0.000269
 total: 153.107151 s
